2700004926
2700004926
2700004926
2700004926
2700004926
2700004926
2700004926
2700004926
2700004926
2700004926
2700004926
2700004926
2700004926
2700004926
2700004926
2700004926
2700004926
2700004926
2700004926
2700004926
2700004926
2700004926
2700004926
2700004926
2700004926
2700004926
2700004926
2700004926
2700004926
2700004926
2700004926
2700004926
2700004926
2700004926
2700004926
2700004926
2700004926
2700004926
2700004926
2700004926
2700004926
2700004926
2700004926
2700004926
2700004926
2700004926
2700004926
2700004926
2700004926
2700004926
2700004926
2700004926
2700004926
2700004926
2700004926
